set Nodos:= 0 50 127 128 130 269 310 326 482 485 67002 68002 69002 70002 71002 72002 73002;

set I:= 50 127 128 130 269 310 326 482 485;

set C:= 67002 68002 69002 70002 71002 72002 73002;

MC:=
2
;

set K:= 1 2 3 4;

param Q:=
1 30000 1
2 30000 1
3 16000 2
4 16000 2
;

MT:=
2
;

param P:=
0
36600
0
;

param qu :=
0 0
50 6946 2
127 15825 2
128 2060 2
130 4105 2
269 1020 2
310 2167 2
326 2141 2
482 361 2
485 1975 2
;

param cap :=
67002 0 20000 0
68002 0 20000 0
69002 0 20000 0
70002 0 20000 0
71002 0 20000 0
72002 0 20000 0
73002 0 20000 0
;

param c[*,*]
: 0 50 127 128 130 269 310 326 482 485 67002 68002 69002 70002 71002 72002 73002 :=
0 0 32 43 43 41 36 38 20 37 24 32 43 40 38 45 42 37 
50 32 0 13 13 9 5 18 17 19 8 0 13 16 18 32 29 5 
127 43 13 0 0 9 17 5 24 6 21 13 1 3 5 19 16 17 
128 43 13 0 0 9 17 5 24 6 21 13 1 3 5 19 16 17 
130 41 9 9 9 0 13 14 26 16 17 9 10 12 15 28 26 13 
269 54 5 17 17 13 0 22 22 23 13 4 17 20 22 36 33 0 
310 67 18 5 5 14 22 0 19 1 26 18 4 2 0 14 11 22 
326 44 17 24 24 26 22 19 0 18 9 18 24 22 19 26 24 22 
482 53 19 6 6 16 23 1 18 0 27 19 6 3 1 12 10 23 
485 43 8 21 21 17 13 26 9 27 0 8 22 24 26 35 33 13 
67002 32 0 13 13 9 4 18 18 19 8 0 13 15 18 31 29 4 
68002 43 13 1 1 10 17 4 24 6 22 13 0 2 5 18 16 18 
69002 40 16 3 3 12 20 2 22 3 24 15 2 0 2 16 13 20 
70002 38 18 5 5 15 22 0 19 1 26 18 5 2 0 14 11 22 
71002 45 32 19 19 28 36 14 26 12 35 31 18 16 14 0 2 36 
72002 42 29 16 16 26 33 11 24 10 33 29 16 13 11 2 0 33 
73002 37 5 17 17 13 0 22 22 23 13 4 18 20 22 36 33 0 
;
