set Nodos:= 0 47 89 178 179 190 254 323 324 355 397 52002 53002 54002 55002 56002 57002;

set I:= 47 89 178 179 190 254 323 324 355 397 ;

set C:= 52002 53002 54002 55002 56002 57002;

MC:=
1
;

set K:= 1 2 3;

param Q:=
1 30000 1
2 16000 2
3 16000 2
;

MT:=
2
;

param P:=
0
13646
0
;

param qu :=
0 0
47 802 2
89 840 2
178 2795 2
179 2508 2
190 1476 2
254 1155 2
323 398 2
324 397 2
355 1514 2
397 1761 2
;

param cap :=
52002 0 20000 0
53002 0 20000 0
54002 0 20000 0
55002 0 20000 0
56002 0 20000 0
57002 0 20000 0
;

param c[*,*]
: 0 47 89 178 179 190 254 323 324 355 397 52002 53002 54002 55002 56002 57002 :=
0 0 63 69 59 65 56 58 57 69 56 70 61 57 62 60 66 70 
47 63 0 14 8 2 7 5 6 10 8 10 10 6 2 3 7 13 
89 69 14 0 11 16 13 14 13 4 14 4 9 12 12 14 19 1 
178 59 8 11 0 10 3 4 2 15 3 14 2 2 7 5 11 11 
179 65 2 16 10 0 9 6 8 11 9 12 12 8 3 5 6 15 
190 56 7 13 3 9 0 3 1 14 0 14 5 1 6 4 10 14 
254 15 5 14 4 6 3 0 1 11 3 12 6 2 3 2 7 14 
323 18 6 13 2 8 1 1 0 12 2 13 4 0 4 3 9 14 
324 57 10 4 15 11 14 11 12 0 14 1 13 13 8 9 14 4 
355 51 8 14 3 9 0 3 2 14 0 15 5 1 6 5 10 14 
397 22 10 4 14 12 14 12 13 1 15 0 12 14 9 10 15 3 
52002 61 10 9 2 12 5 6 4 13 5 12 0 4 9 7 13 9 
53002 57 6 12 2 8 1 2 0 13 1 14 4 0 5 3 9 13 
54002 62 2 12 7 3 6 3 4 8 6 9 9 5 0 1 7 11 
55002 60 3 14 5 5 4 2 3 9 5 10 7 3 1 0 6 13 
56002 66 7 19 11 6 10 7 9 14 10 15 13 9 7 6 0 18 
57002 70 13 1 11 15 14 14 14 4 14 3 9 13 11 13 18 0 
;
