set Nodos:= 0 76 81 106 126 162 163 258 288 320 368 404 484 80001 81001 82001 83001 84001 85001;

set I:= 76 81 106 126 162 163 258 288 320 368 404 484;

set C:= 80001 81001 82001 83001 84001 85001;

MC:=
2
;

set K:= 1 2 3 4;

param Q:=
1 30000 1
2 30000 1
3 16000 2
4 16000 2
;

MT:=
2
;

param P:=
43706
0
0
;

param qu :=
0 0
76 3918 1
81 13296 1
106 1428 1
126 2185 1
162 1972 1
163 4861 1
258 1407 1
288 3595 1
320 539 1
368 209 1
404 9998 1
484 298 1
;

param cap :=
80001 20000 0 0
81001 20000 0 0
82001 20000 0 0
83001 20000 0 0
84001 20000 0 0
85001 20000 0 0
;

param c[*,*]
: 0 76 81 106 126 162 163 258 288 320 368 404 484 80001 81001 82001 83001 84001 85001 :=
0 0 56 45 43 55 60 42 47 55 45 65 45 42 65 58 55 45 45 46 
76 56 0 17 18 0 91 14 16 0 11 8 20 17 8 1 0 11 19 16 
81 45 17 0 7 16 80 3 1 16 6 26 9 6 25 19 16 6 8 0 
106 43 18 7 0 17 78 4 8 17 7 27 2 0 26 20 17 6 1 7 
126 55 0 16 17 0 90 14 15 0 10 9 19 16 9 2 0 11 18 16 
162 60 91 80 78 90 0 77 81 90 79 100 80 77 99 93 90 79 79 80 
163 42 14 3 4 14 77 0 4 14 3 23 6 3 23 16 13 3 5 3 
258 34 16 1 8 15 81 4 0 15 8 24 11 8 24 17 15 7 10 0 
288 59 0 16 17 0 90 14 15 0 10 9 19 16 9 2 0 11 18 16 
320 62 11 6 7 10 79 3 8 10 0 20 9 6 19 13 10 0 8 7 
368 68 8 26 27 9 100 23 24 9 20 0 29 26 0 6 9 20 28 25 
404 45 20 9 2 19 80 6 11 19 9 29 0 2 28 22 19 8 1 10 
484 50 17 6 0 16 77 3 8 16 6 26 2 0 26 19 16 5 1 7 
80001 65 8 25 26 9 99 23 24 9 19 0 28 26 0 6 9 20 27 25 
81001 58 1 19 20 2 93 16 17 2 13 6 22 19 6 0 2 13 21 18 
82001 55 0 16 17 0 90 13 15 0 10 9 19 16 9 2 0 10 18 16 
83001 45 11 6 6 11 79 3 7 11 0 20 8 5 20 13 10 0 7 6 
84001 45 19 8 1 18 79 5 10 18 8 28 1 1 27 21 18 7 0 9 
85001 46 16 0 7 16 80 3 0 16 7 25 10 7 25 18 16 6 9 0 
;
