set Nodos:= 0 4 77 86 125 295 299 316 318 377 382 435 470 487 498 17001 18001 19001 20001 21001;

set I:= 4 77 86 125 295 299 316 318 377 382 435 470 487 498;

set C:= 17001 18001 19001 20001 21001;

MC:=
2
;

set K:= 1 2 3 4;

param Q:=
1 30000 1
2 30000 1
3 16000 2
4 16000 2
;

MT:=
2
;

param P:=
29867
0
0
;

param qu :=
0 0
4 433 1
77 2845 1
86 2449 1
125 4188 1
295 340 1
299 4834 1
316 3854 1
318 165 1
377 745 1
382 4453 1
435 2972 1
470 266 1
487 548 1
498 1775 1
;

param cap :=
17001 20000 0 0
18001 20000 0 0
19001 20000 0 0
20001 20000 0 0
21001 20000 0 0
;

param c[*,*]
: 0 4 77 86 125 295 299 316 318 377 382 435 470 487 498 17001 18001 19001 20001 21001 :=
0 0 26 14 16 19 27 22 14 14 26 19 31 27 26 21 23 22 28 18 13 
4 26 0 17 17 15 15 11 12 12 7 15 19 16 15 5 3 10 16 14 16 
77 14 17 0 3 6 18 13 4 4 17 6 22 18 17 12 14 12 18 6 1 
86 16 17 3 0 3 18 13 6 6 17 3 22 18 17 12 14 12 18 3 2 
125 19 15 6 3 0 16 11 9 9 15 0 20 16 15 10 12 10 16 1 5 
295 61 15 18 18 16 0 5 13 13 16 16 4 0 1 11 12 5 1 15 17 
299 29 11 13 13 11 5 0 9 9 11 11 9 5 4 6 8 1 5 11 12 
316 21 12 4 6 9 13 9 0 0 13 9 17 13 12 8 9 8 14 8 3 
318 26 12 4 6 9 13 9 0 0 13 9 17 13 12 8 9 8 14 8 3 
377 23 7 17 17 15 16 11 13 13 0 15 18 16 15 5 3 10 16 15 16 
382 12 15 6 3 0 16 11 9 9 15 0 20 16 15 10 12 10 16 1 5 
435 21 19 22 22 20 4 9 17 17 18 20 0 4 5 14 16 9 3 19 21 
470 48 16 18 18 16 0 5 13 13 16 16 4 0 1 11 50 49 55 44 39 
487 53 15 17 17 15 1 4 12 12 15 15 5 1 0 10 11 4 2 14 16 
498 20 5 12 12 10 11 6 8 8 5 10 14 11 10 0 2 5 11 9 11 
17001 23 3 14 14 12 12 8 9 9 3 12 16 50 11 2 0 7 13 11 13 
18001 22 10 12 12 10 5 1 8 8 10 10 9 49 4 5 7 0 6 10 11 
19001 28 16 18 18 16 1 5 14 14 16 16 3 55 2 11 13 6 0 16 17 
20001 18 14 6 3 1 15 11 8 8 15 1 19 44 14 9 11 10 16 0 5 
21001 13 16 1 2 5 17 12 3 3 16 5 21 39 16 11 13 11 17 5 0 
;
