set Nodos:= 0 6 37 70 95 111 113 117 241 265 283 284 361 362 380 468 101001 102001 103001 104001 105001 106001 107001;

set I:= 6 37 70 95 111 113 117 241 265 283 284 361 362 380 468;

set C:= 101001 102001 103001 104001 105001 106001 107001;

MC:=
2
;

set K:= 1 2 3 4;

param Q:=
1 30000 1
2 30000 1
3 16000 2
4 16000 2
;

MT:=
2
;

param P:=
57859
0
0
;

param qu :=
0 0
6 3390 1
37 1798 1
70 5568 1
95 303 1
111 7229 1
113 2615 1
117 10000 1
241 3741 1
265 5038 1
283 5216 1
284 3689 1
361 542 1
362 418 1
380 5050 1
468 3262 1
;

param cap :=
101001 20000 0 0
102001 20000 0 0
103001 20000 0 0
104001 20000 0 0
105001 20000 0 0
106001 20000 0 0
107001 20000 0 0
;

param c[*,*]
: 0 6 37 70 95 111 113 117 241 265 283 284 361 362 380 468 101001 102001 103001 104001 105001 106001 107001 :=
0 0 50 50 74 50 64 76 76 40 42 72 73 44 45 40 46 42 45 48 76 69 54 64 
6 50 0 4 30 3 17 32 32 10 8 28 29 6 5 10 4 8 6 2 32 24 6 20 
37 50 4 0 27 0 14 29 29 10 8 25 26 6 5 10 4 8 6 2 29 21 4 17 
70 74 30 27 0 27 12 22 22 36 35 18 19 32 32 36 31 35 32 29 22 14 24 10 
95 50 3 0 27 0 15 29 29 9 8 25 26 5 4 9 4 8 5 2 29 22 4 17 
111 64 17 14 12 15 0 15 15 24 23 11 11 20 19 24 18 23 20 16 14 7 12 3 
113 76 32 29 22 29 15 0 0 39 37 12 12 35 34 39 33 37 35 31 16 8 26 12 
117 76 32 29 22 29 15 0 0 39 37 12 12 35 34 39 33 37 35 31 16 8 26 12 
241 54 10 10 36 9 24 39 39 0 1 34 35 4 5 0 6 1 4 8 38 31 13 26 
265 42 8 8 35 8 23 37 37 1 0 33 34 3 4 1 4 0 3 6 37 29 12 25 
283 51 28 25 18 25 11 12 12 34 33 0 1 31 30 34 29 33 31 27 4 4 22 8 
284 72 29 26 19 26 11 12 12 35 34 1 0 31 30 35 30 34 31 28 3 4 23 9 
361 64 6 6 32 5 20 35 35 4 3 31 31 0 1 4 2 3 0 4 34 27 10 23 
362 44 5 5 32 4 19 34 34 5 4 30 30 1 0 5 1 4 1 3 34 26 9 22 
380 32 10 10 36 9 24 39 39 0 1 34 35 4 5 0 6 1 4 8 38 31 13 26 
468 44 4 4 31 4 18 33 33 6 4 29 30 2 1 6 0 4 2 2 33 25 8 21 
101001 42 8 8 35 8 23 37 37 1 0 33 34 3 4 1 4 0 3 6 37 29 12 25 
102001 45 6 6 32 5 20 35 35 4 3 31 31 0 1 4 2 3 0 4 34 27 10 22 
103001 48 2 2 29 2 16 31 31 8 6 27 28 4 3 8 2 6 4 0 31 23 6 19 
104001 76 32 29 22 29 14 16 16 38 37 4 3 34 34 38 33 37 34 31 0 8 26 12 
105001 69 24 21 14 22 7 8 8 31 29 4 4 27 26 31 25 29 27 23 8 0 18 4 
106001 54 6 4 24 4 12 26 26 13 12 22 23 10 9 13 8 12 10 6 26 18 0 14 
107001 64 20 17 10 17 3 12 12 26 25 8 9 23 22 26 21 25 22 19 12 4 14 0 
;
