set Nodos:= 0 51 91 195 196 217 305 306 312 360 378 400 425 426 451 475 74001 75001 76001 77001 78001 79001;

set I:= 51 91 195 196 217 305 306 312 360 378 400 425 426 451 475;

set C:= 74001 75001 76001 77001 78001 79001;

MC:=
1
;

set K:= 1 2 3 4 5;

param Q:=
1 30000 1
2 30000 1
3 30000 1
4 16000 2
5 16000 2
;

MT:=
2
;

param P:=
64261
0
0
;

param qu :=
0 0
51 8231 1
91 5100 1
195 4772 1
196 6971 1
217 7468 1
305 2018 1
306 82 1
312 1574 1
360 883 1
378 7773 1
400 4542 1
425 3229 1
426 5565 1
451 4077 1
475 1976 1
;

param cap :=
74001 20000 0 0
75001 20000 0 0
76001 20000 0 0
77001 20000 0 0
78001 20000 0 0
79001 20000 0 0
;

param c[*,*]
: 0 51 91 195 196 217 305 306 312 360 378 400 425 426 451 475 74001 75001 76001 77001 78001 79001 :=
0 0 60 65 59 53 36 54 54 58 64 53 63 59 59 61 62 55 56 59 63 69 61 
51 60 0 7 0 8 69 11 11 7 7 10 15 6 6 13 5 11 6 1 5 103 13 
91 65 7 0 7 13 74 17 17 15 12 16 21 14 14 19 10 17 11 6 11 108 20 
195 59 0 7 0 8 69 11 11 8 6 10 15 7 7 14 4 11 5 1 5 102 14 
196 53 8 13 8 0 63 4 4 7 13 2 12 8 8 10 11 4 2 7 11 96 10 
217 30 69 74 69 63 0 64 64 67 74 63 72 69 69 70 72 64 65 68 72 33 71 
305 53 11 17 11 4 64 0 0 4 16 1 9 5 5 7 14 82 83 86 90 98 88 
306 54 11 17 11 4 64 0 0 4 16 1 9 5 5 7 14 0 6 10 15 97 7 
312 21 7 15 8 7 67 4 4 0 14 5 8 1 1 6 12 3 9 9 13 101 6 
360 56 7 12 6 13 74 16 16 14 0 15 22 13 13 20 2 16 10 6 1 107 20 
378 26 10 16 10 2 63 1 1 5 15 0 10 6 6 8 13 1 5 9 14 96 8 
400 51 15 21 15 12 72 9 9 8 22 10 0 9 9 2 20 8 14 16 21 106 2 
425 26 6 14 7 8 69 5 5 1 13 6 9 0 0 7 11 5 11 7 12 102 7 
426 59 6 14 7 8 69 5 5 1 13 6 9 0 0 7 11 5 11 7 12 102 7 
451 38 13 19 14 10 70 7 7 6 20 8 2 7 7 0 18 80 81 84 89 96 87 
475 46 5 10 4 11 72 14 14 12 2 13 20 11 11 18 0 40 41 44 49 75 47 
74001 55 11 17 11 4 64 82 0 3 16 1 8 5 5 80 40 0 6 11 15 97 7 
75001 56 6 11 5 2 65 83 6 9 10 5 14 11 11 81 41 6 0 5 9 99 13 
76001 59 1 6 1 7 68 86 10 9 6 9 16 7 7 84 44 11 5 0 4 102 14 
77001 63 5 11 5 11 72 90 15 13 1 14 21 12 12 89 49 15 9 4 0 106 19 
78001 69 103 108 102 96 33 98 97 101 107 96 106 102 102 96 75 97 99 102 106 0 104 
79001 61 13 20 14 10 71 88 7 6 20 8 2 7 7 87 47 7 13 14 19 104 0 
;
