set Nodos:= 0 119 135 145 187 199 237 264 275 315 385 386 388 391 442 22001 23001 24001 25001 26001;

set I:= 119 135 145 187 199 237 264 275 315 385 386 388 391 442 ;

set C:= 22001 23001 24001 25001 26001;

MC:=
1
;

set K:= 1 2 3 4;

param Q:=
1 30000 1
2 30000 1
3 16000 2
4 16000 2
;

MT:=
2
;

param P:=
52551
0
0
;

param qu :=
0 0
119 5786 1
135 3264 1
145 824 1
187 3722 1
199 2191 1
237 1689 1
264 1100 1
275 3502 1
315 1195 1
385 9587 1
386 7807 1
388 5604 1
391 584 1
442 5696 1
;

param cap :=
22001 20000 0 0
23001 20000 0 0
24001 20000 0 0
25001 20000 0 0
26001 20000 0 0
;

param c[*,*]
: 0 119 135 145 187 199 237 264 275 315 385 386 388 391 442 22001 23001 24001 25001 26001 :=
0 0 41 21 16 16 24 38 42 22 21 38 38 38 24 18 20 22 25 40 41 
119 41 0 21 26 26 20 15 13 20 21 3 3 3 20 24 22 20 20 1 12 
135 21 21 0 5 5 3 17 23 1 0 18 18 18 3 3 1 1 3 20 21 
145 16 26 5 0 0 9 23 28 6 6 23 23 23 8 2 4 6 9 25 27 
187 16 26 5 0 0 9 23 28 6 6 23 23 23 8 2 4 6 9 25 27 
199 24 20 3 9 9 0 17 22 3 3 17 17 17 0 6 5 2 0 19 21 
237 57 15 17 23 23 17 0 17 17 17 12 12 12 16 20 19 16 17 14 16 
264 57 13 23 28 28 22 17 0 22 22 10 10 10 22 26 24 22 22 12 1 
275 40 20 1 6 6 3 17 22 0 0 17 17 17 2 4 2 0 3 19 21 
315 54 21 0 6 6 3 17 22 0 0 17 17 17 3 3 2 1 3 19 21 
385 36 3 18 23 23 17 12 10 17 17 0 0 0 17 21 19 17 17 2 9 
386 38 3 18 23 23 17 12 10 17 17 0 0 0 17 21 19 17 17 2 9 
388 36 3 18 23 23 17 12 10 17 17 0 0 0 17 21 19 17 17 2 9 
391 30 20 3 8 8 0 16 22 2 3 17 17 17 0 6 5 2 0 18 20 
442 35 24 3 2 2 6 20 26 4 3 21 21 21 6 0 1 4 6 22 24 
22001 20 22 1 4 4 5 19 24 2 2 19 19 19 5 1 0 3 5 21 23 
23001 22 20 1 6 6 2 16 22 0 1 17 17 17 2 4 3 0 2 18 20 
24001 25 20 3 9 9 0 17 22 3 3 17 17 17 0 6 5 2 0 19 21 
25001 40 1 20 25 25 19 14 12 19 19 2 2 2 18 22 21 18 19 0 10 
26001 41 12 21 27 27 21 16 1 21 21 9 9 9 20 24 23 20 21 10 0 
;
