set Nodos:= 0 12 49 124 144 213 218 242 294 302 348 358 453 454 4002 5002 6002 7002 8002 9002 10002;

set I:= 12 49 124 144 213 218 242 294 302 348 358 453 454;

set C:= 4002 5002 6002 7002 8002 9002 10002;

MC:=
2
;

set K:= 1 2 3;

param Q:=
1 30000 1
2 16000 2
3 16000 2
;

MT:=
2
;

param P:=
0
17238
0
;

param qu :=
0 0
12 3804 2
49 1615 2
124 677 2
144 2426 2
213 1523 2
218 267 2
242 1041 2
294 684 2
302 2172 2
348 522 2
358 1173 2
453 458 2
454 876 2
;

param cap :=
4002 0 20000 0
5002 0 20000 0
6002 0 20000 0
7002 0 20000 0
8002 0 20000 0
9002 0 20000 0
10002 0 20000 0
;

param c[*,*]
: 0 12 49 124 144 213 218 242 294 302 348 358 453 454 4002 5002 6002 7002 8002 9002 10002 :=
0 0 69 40 51 60 47 41 46 61 89 65 51 51 51 56 55 62 49 67 47 59 
12 69 0 29 19 10 22 28 23 8 53 5 18 25 25 22 17 8 21 4 28 11 
49 40 29 0 16 19 7 1 6 21 61 25 11 17 16 14 14 21 8 25 1 18 
124 51 19 16 0 15 9 15 10 11 51 17 12 6 6 3 2 11 9 16 15 14 
144 60 10 19 15 0 12 18 13 5 60 5 8 21 21 19 13 5 12 6 18 2 
213 48 22 7 9 12 0 6 1 14 55 18 4 15 15 13 7 14 1 19 6 11 
218 36 28 1 15 18 6 0 5 20 60 24 10 18 17 15 13 20 7 25 0 17 
242 40 23 6 10 13 1 5 0 15 56 19 5 16 16 13 8 15 2 20 5 12 
294 66 8 21 11 5 14 20 15 0 56 5 10 17 17 14 9 0 13 4 20 3 
302 20 53 61 51 60 55 60 56 56 0 57 58 57 56 54 48 56 54 57 60 59 
348 36 5 25 17 5 18 24 19 5 57 0 13 22 22 20 14 6 17 1 24 7 
358 32 18 11 12 8 4 10 5 10 58 13 0 18 18 15 10 10 4 14 10 7 
453 36 25 17 6 21 15 18 16 17 57 22 18 0 0 3 8 17 14 22 18 20 
454 51 25 16 6 21 15 17 16 17 56 22 18 0 0 2 8 16 14 21 17 19 
4002 56 22 14 3 19 13 15 13 14 54 20 15 3 2 0 6 14 12 19 15 17 
5002 55 17 14 2 13 7 13 8 9 48 14 10 8 8 6 0 8 6 13 13 12 
6002 62 8 21 11 5 14 20 15 0 56 6 10 17 16 14 8 0 13 5 20 3 
7002 49 21 8 9 12 1 7 2 13 54 17 4 14 14 12 6 13 0 18 7 10 
8002 67 4 25 16 6 19 25 20 4 57 1 14 22 21 19 13 5 18 0 25 8 
9002 47 28 1 15 18 6 0 5 20 60 24 10 18 17 15 13 20 7 25 0 17 
10002 59 11 18 14 2 11 17 12 3 59 7 7 20 19 17 12 3 10 8 17 0 
;
