set Nodos:= 0 232 271 272 349 350 359 1002 2002 3002 11002;

set I:= 232 271 272 349 350 359;

set C:= 1002 2002 3002 11002;

MC:=
2
;

set K:= 1 2 3;

param Q:=
1 30000 1
2 16000 2
3 16000 2
;

MT:=
2
;

param P:=
0
9167
0
;

param qu :=
0 0
232 1478 2
271 3371 2
272 3370 2
349 205 2
350 57 2
359 686 2
;

param cap :=
1002 0 20000 0
2002 0 20000 0
3002 0 20000 0
11002 0 20000 0
;

param c[*,*]
: 0 232 271 272 349 350 359 1002 2002 3002 11002 :=
0 0 83 54 54 74 74 56 62 75 54 1000 
232 53 0 56 56 76 76 58 64 77 56 202 
271 56 56 0 0 20 20 2 8 21 0 175 
272 54 56 0 0 20 20 2 8 21 0 175 
349 65 76 20 20 0 0 18 12 1 20 196 
350 74 76 20 20 0 0 18 12 1 20 196 
359 51 58 2 2 18 18 0 5 18 3 178 
1002 62 64 8 8 12 12 5 0 13 8 183 
2002 75 77 21 21 1 1 18 13 0 21 196 
3002 54 56 0 0 20 20 3 8 21 0 175 
11002 1000 202 175 175 196 196 178 183 196 175 0 
;
