set Nodos:= 0 99 107 133 140 230 286 403 80002 81002 82002 83002 84002 85002;

set I:= 99 107 133 140 230 286 403;

set C:= 80002 81002 82002 83002 84002 85002;

MC:=
1
;

set K:= 1 2 3;

param Q:=
1 30000 1
2 16000 2
3 16000 2
;

MT:=
2
;

param P:=
0
6426
0
;

param qu :=
0 0
99 87 2
107 205 2
133 324 2
140 362 2
230 2354 2
286 2634 2
403 460 2
;

param cap :=
80002 0 20000 0
81002 0 20000 0
82002 0 20000 0
83002 0 20000 0
84002 0 20000 0
85002 0 20000 0
;

param c[*,*]
: 0 99 107 133 140 230 286 403 80002 81002 82002 83002 84002 85002 :=
0 0 59 57 65 46 61 46 45 65 58 55 45 45 46 
99 59 0 91 5 24 95 19 14 5 1 4 15 22 20 
107 57 91 0 97 78 6 78 77 96 90 87 76 76 78 
133 65 5 97 0 30 101 25 20 0 7 10 20 28 26 
140 46 24 78 30 0 82 11 10 29 23 20 9 2 11 
230 34 95 6 101 82 0 82 81 100 94 91 80 80 82 
286 48 19 78 25 11 82 0 7 25 18 15 7 9 0 
403 41 14 77 20 10 81 7 0 19 12 10 0 8 7 
80002 65 5 96 0 29 100 25 19 0 6 9 20 27 25 
81002 58 1 90 7 23 94 18 12 6 0 2 13 21 18 
82002 55 4 87 10 20 91 15 10 9 2 0 10 18 16 
83002 45 15 76 20 9 80 7 0 20 13 10 0 7 6 
84002 45 22 76 28 2 80 9 8 27 21 18 7 0 9 
85002 46 20 78 26 11 82 0 7 25 18 16 6 9 0 
;
