set Nodos:= 0 22 36 98 134 160 183 184 243 292 293 325 395 450 486 488 4001 5001 6001 7001 8001 9001 10001;

set I:= 22 36 98 134 160 183 184 243 292 293 325 395 450 486 488;

set C:= 4001 5001 6001 7001 8001 9001 10001;

MC:=
1
;

set K:= 1 2 3 4 5;

param Q:=
1 30000 1
2 30000 1
3 30000 1
4 16000 2
5 16000 2
;

MT:=
2
;

param P:=
62050
0
0
;

param qu :=
0 0
22 5959 1
36 7000 1
98 13849 1
134 560 1
160 3334 1
183 1660 1
184 1931 1
243 1206 1
292 1652 1
293 1652 1
325 780 1
395 1876 1
450 17412 1
486 172 1
488 3007 1
;

param cap :=
4001 20000 0 0
5001 20000 0 0
6001 20000 0 0
7001 20000 0 0
8001 20000 0 0
9001 20000 0 0
10001 20000 0 0
;

param c[*,*]
: 0 22 36 98 134 160 183 184 243 292 293 325 395 450 486 488 4001 5001 6001 7001 8001 9001 10001 :=
0 0 54 47 60 56 50 53 52 49 65 65 43 47 37 52 49 56 55 61 48 66 47 58 
22 54 0 7 13 2 9 1 2 4 13 13 10 7 17 11 7 6 0 8 7 13 13 11 
36 47 7 0 12 9 14 6 5 10 18 18 3 0 9 5 13 12 6 13 0 18 6 10 
98 60 13 12 0 10 21 13 14 17 5 5 16 12 22 7 20 19 13 5 12 5 18 2 
134 56 2 9 10 0 10 2 4 6 10 10 12 9 19 13 9 8 2 5 8 10 15 8 
160 50 9 14 21 10 0 7 9 4 21 21 18 14 13 18 1 2 8 16 14 21 17 19 
183 53 1 6 13 2 7 0 1 3 13 13 10 6 16 10 6 5 0 8 6 13 13 11 
184 52 2 5 14 4 9 1 0 5 14 14 8 4 15 9 8 6 1 9 4 14 11 12 
243 46 4 10 17 6 4 3 5 0 17 17 14 10 12 14 2 1 4 12 10 17 16 15 
292 28 13 18 5 10 21 13 14 17 0 0 21 18 28 12 20 18 13 4 17 0 24 7 
293 65 13 18 5 10 21 13 14 17 0 0 21 18 28 12 20 18 13 4 17 0 24 7 
325 69 10 3 16 12 18 10 8 14 21 21 0 3 6 8 16 15 10 17 3 21 2 14 
395 40 7 0 12 9 14 6 4 10 18 18 3 0 10 5 13 11 6 13 0 18 6 10 
450 51 17 9 22 19 13 16 15 12 28 28 6 10 0 15 12 86 91 99 86 104 79 96 
486 23 11 5 7 13 18 10 9 14 12 12 8 5 15 0 17 16 10 8 4 13 11 5 
488 26 7 13 20 9 1 6 8 2 20 20 16 13 12 17 0 1 6 15 13 20 16 18 
4001 56 6 12 19 8 2 5 6 1 18 18 15 11 86 16 1 0 5 14 11 18 14 17 
5001 55 0 6 13 2 8 0 1 4 13 13 10 6 91 10 6 5 0 8 6 13 12 11 
6001 61 8 13 5 5 16 8 9 12 4 4 17 13 99 8 15 14 8 0 13 4 19 3 
7001 48 7 0 12 8 14 6 4 10 17 17 3 0 86 4 13 11 6 13 0 17 6 10 
8001 66 13 18 5 10 21 13 14 17 0 0 21 18 104 13 20 18 13 4 17 0 24 7 
9001 47 13 6 18 15 17 13 11 16 24 24 2 6 79 11 16 14 12 19 6 24 0 16 
10001 58 11 10 2 8 19 11 12 15 7 7 14 10 96 5 18 17 11 3 10 7 16 0 
;
