set Nodos:= 0 45 71 197 259 282 289 366 108001 109001 110001;

set I:= 45 71 197 259 282 289 366;

set C:= 108001 109001 110001;

MC:=
2
;

set K:= 1 2 3 4 5;

param Q:=
1 30000 1
2 30000 1
3 30000 1
4 16000 2
5 16000 2
;

MT:=
2
;

param P:=
58956
0
0
;

param qu :=
0 0
45 10177 1
71 10911 1
197 5945 1
259 632 1
282 12837 1
289 11423 1
366 7031 1
;

param cap :=
108001 20000 0 0
109001 20000 0 0
110001 20000 0 0
;

param c[*,*]
: 0 45 71 197 259 282 289 366 108001 109001 110001 :=
0 0 49 43 53 78 51 51 53 48 51 42 
45 49 0 17 4 41 6 6 9 4 2 15 
71 43 17 0 13 58 23 23 26 21 15 2 
197 53 4 13 0 45 10 10 13 7 2 14 
259 78 41 58 45 0 43 43 45 16 22 35 
282 51 6 23 10 43 0 0 8 3 8 22 
289 51 6 23 10 43 0 0 8 3 8 22 
366 53 9 26 13 45 8 8 0 5 11 24 
108001 48 4 21 7 16 3 3 5 0 6 19 
109001 51 2 15 2 22 8 8 11 6 0 13 
110001 42 15 2 14 35 22 22 24 19 13 0 
;
