set Nodos:= 0 3 56 57 73 84 171 172 236 308 363 399 446 58001 59001 60001 62001
;

set I:= 3 56 57 73 84 171 172 236 308 363 399 446 ;

set C:= 58001 59001 60001 62001;

MC:=
1
;

set K:= 1 2 3 4;

param Q:=
1 30000 1
2 30000 1
3 16000 2
4 16000 2
;

MT:=
2
;

param P:=
48395
0
0
;

param qu :=
0 0
3 714 1
56 792 1
57 377 1
73 4141 1
84 10012 1
171 2912 1
172 2342 1
236 8192 1
308 3242 1
363 2909 1
399 10974 1
446 1788 1
;

param cap :=
58001 20000 0 0
59001 20000 0 0
60001 20000 0 0
62001 20000 0 0
;

param c[*,*]
: 0 3 56 57 73 84 171 172 236 308 363 399 446 58001 59001 60001 62001 :=
0 0 24 46 46 42 40 49 49 57 45 20 51 44 43 46 47 35 
3 24 0 44 45 40 39 47 47 56 44 19 50 42 42 44 46 33 
56 46 44 0 2 4 6 4 4 13 1 26 5 2 3 1 3 11 
57 46 45 2 0 5 6 4 4 13 1 26 7 3 3 1 3 11 
73 42 40 4 5 0 2 7 7 15 3 22 9 2 1 3 5 7 
84 40 39 6 6 2 0 8 8 17 5 20 11 3 3 5 7 5 
171 49 47 4 4 7 8 0 0 11 3 28 8 5 5 3 1 13 
172 49 47 4 4 7 8 0 0 11 3 28 8 5 5 3 1 13 
236 53 56 13 13 15 17 11 11 0 12 37 11 14 14 12 10 22 
308 41 44 1 1 3 5 3 3 12 0 25 6 2 2 0 2 10 
363 45 19 26 26 22 20 28 28 37 25 0 31 23 23 25 27 15 
399 32 50 5 7 9 11 8 8 11 6 31 0 8 8 6 7 16 
446 76 42 2 3 2 3 5 5 14 2 23 8 0 0 2 4 9 
58001 43 42 3 3 1 3 5 5 14 2 23 8 0 0 2 4 8 
59001 46 44 1 1 3 5 3 3 12 0 25 6 2 2 0 2 10 
60001 47 46 3 3 5 7 1 1 10 2 27 7 4 4 2 0 12 
62001 35 33 11 11 7 5 13 13 22 10 15 16 9 8 10 12 0 
;
