set Nodos:= 0 101 109 169 208 346 417 52001 53001 54001 55001 56001 57001;

set I:= 101 109 169 208 346 417;

set C:= 52001 53001 54001 55001 56001 57001;

MC:=
1
;

set K:= 1 2 3;

param Q:=
1 30000 1
2 16000 2
3 16000 2
;

MT:=
2
;

param P:=
12893
0
0
;

param qu :=
0 0
101 735 1
109 743 1
169 2094 1
208 6296 1
346 2169 1
417 856 1
;

param cap :=
52001 20000 0 0
53001 20000 0 0
54001 20000 0 0
55001 20000 0 0
56001 20000 0 0
57001 20000 0 0
;

param c[*,*]
: 0 101 109 169 208 346 417 52001 53001 54001 55001 56001 57001 :=
0 0 70 71 64 61 63 63 61 57 62 60 66 70 
101 70 0 21 21 11 19 7 17 13 11 10 4 22 
109 71 21 0 7 13 8 14 10 14 10 12 17 1 
169 64 21 7 0 11 1 13 3 7 12 11 16 6 
208 61 11 13 11 0 10 3 8 4 2 1 7 14 
346 38 19 8 1 10 0 12 2 6 11 10 15 7 
417 49 7 14 13 3 12 0 10 6 4 3 3 15 
52001 61 17 10 3 8 2 10 0 4 9 7 13 9 
53001 57 13 14 7 4 6 6 4 0 5 3 9 13 
54001 62 11 10 12 2 11 4 9 5 0 1 7 11 
55001 60 10 12 11 1 10 3 7 3 1 0 6 13 
56001 66 4 17 16 7 15 3 13 9 7 6 0 18 
57001 70 22 1 6 14 7 15 9 13 11 13 18 0 
;
