set Nodos:= 0 94 112 214 215 216 225 227 229 327 356 413 423 432 434 444 452 478 480 492 67001 68001 69001 70001 71001 72001 73001;

set I:= 94 112 214 215 216 225 227 229 327 356 413 423 432 434 444 452 478 480 492;

set C:= 67001 68001 69001 70001 71001 72001 73001;

MC:=
1
;

set K:= 1 2 3 4 5;

param Q:=
1 30000 1
2 30000 1
3 30000 1
4 16000 2
5 16000 2
;

MT:=
2
;

param P:=
82348
0
0
;

param qu :=
0 0
94 5893 1
112 5495 1
214 3429 1
215 2090 1
216 2990 1
225 2936 1
227 1409 1
229 144 1
327 6883 1
356 1995 1
413 14380 1
423 9661 1
432 2065 1
434 631 1
444 5376 1
452 1968 1
478 5375 1
480 186 1
492 9442 1
;

param cap :=
67001 20000 0 0
68001 20000 0 0
69001 20000 0 0
70001 20000 0 0
71001 20000 0 0
72001 20000 0 0
73001 20000 0 0
;

param c[*,*]
: 0 94 112 214 215 216 225 227 229 327 356 413 423 432 434 444 452 478 480 492 67001 68001 69001 70001 71001 72001 73001 :=
0 0 37 39 44 33 30 22 34 34 35 40 41 39 36 21 40 36 40 41 25 32 43 40 38 45 42 37 
94 37 0 2 12 17 21 26 16 16 21 2 4 7 23 26 9 23 9 9 26 18 5 3 1 13 10 23 
112 39 2 0 14 16 19 26 14 14 20 1 2 9 21 27 11 21 11 7 24 17 3 1 1 15 12 21 
214 47 12 14 0 30 33 33 28 28 34 15 16 14 35 33 4 35 4 21 36 31 18 15 13 1 2 35 
215 44 17 16 30 0 3 11 1 1 4 15 14 25 5 12 26 5 26 8 8 1 12 14 17 30 28 5 
216 33 21 19 33 3 0 8 5 5 5 18 17 28 7 8 29 7 29 12 5 2 16 18 20 34 31 7 
225 57 26 26 33 11 8 0 12 12 13 26 25 28 14 1 30 14 30 19 2 10 23 25 27 34 31 14 
227 58 16 14 28 1 5 12 0 0 5 13 12 23 7 13 25 7 25 7 10 2 11 13 15 29 26 7 
229 41 16 14 28 1 5 12 0 0 5 13 12 23 7 13 25 7 25 7 10 51 61 59 57 63 61 55 
327 20 21 20 34 4 5 13 5 5 0 19 18 29 1 14 30 1 30 12 10 3 16 18 21 34 32 1 
356 56 2 1 15 15 18 26 13 13 19 0 1 10 20 26 11 20 11 7 23 16 3 0 2 15 13 20 
413 56 4 2 16 14 17 25 12 12 18 1 0 11 19 25 12 19 12 6 22 15 2 1 3 16 14 19 
423 89 7 9 14 25 28 28 23 23 29 10 11 0 30 28 11 30 11 17 31 26 13 10 8 15 12 30 
432 54 23 21 35 5 7 14 7 7 1 20 19 30 0 15 31 0 31 14 12 62 73 71 68 75 73 67 
434 39 26 27 33 12 8 1 13 13 14 26 25 28 15 0 29 15 29 20 3 11 24 26 26 33 31 15 
444 52 9 11 4 26 29 30 25 25 30 11 12 11 31 29 0 31 0 18 32 60 71 69 66 73 71 65 
452 61 23 21 35 5 7 14 7 7 1 20 19 30 0 15 31 0 31 14 12 4 18 20 22 36 33 0 
478 35 9 11 4 26 29 30 25 25 30 11 12 11 31 29 0 31 0 18 32 27 14 12 9 4 2 31 
480 50 9 7 21 8 12 19 7 7 12 7 6 17 14 20 18 14 18 0 17 9 4 6 9 22 20 14 
492 42 26 24 36 8 5 2 10 10 10 23 22 31 12 3 32 12 32 17 0 7 21 23 25 36 34 12 
67001 32 18 17 31 1 2 10 2 51 3 16 15 26 62 11 60 4 27 9 7 0 13 15 18 31 29 4 
68001 43 5 3 18 12 16 23 11 61 16 3 2 13 73 24 71 18 14 4 21 13 0 2 5 18 16 18 
69001 40 3 1 15 14 18 25 13 59 18 0 1 10 71 26 69 20 12 6 23 15 2 0 2 16 13 20 
70001 38 1 1 13 17 20 27 15 57 21 2 3 8 68 26 66 22 9 9 25 18 5 2 0 14 11 22 
71001 45 13 15 1 30 34 34 29 63 34 15 16 15 75 33 73 36 4 22 36 31 18 16 14 0 2 36 
72001 42 10 12 2 28 31 31 26 61 32 13 14 12 73 31 71 33 2 20 34 29 16 13 11 2 0 33 
73001 37 23 21 35 5 7 14 7 55 1 20 19 30 67 15 65 0 31 14 12 4 18 20 22 36 33 0 
;
