set Nodos:= 0 25 58 59 60 62 63 78 147 374 414 416 438 440 445 1001 2001 3001 11001;

set I:= 25 58 59 60 62 63 78 147 374 414 416 438 440 445;

set C:= 1001 2001 3001 11001;

MC:=
2
;

set K:= 1 2 3 4 5;

param Q:=
1 30000 1
2 30000 1
3 30000 1
4 16000 2
5 16000 2
;

MT:=
2
;

param P:=
74334
0
0
;

param qu :=
0 0
25 7777 1
58 7541 1
59 5305 1
60 9391 1
62 8751 1
63 7026 1
78 18143 1
147 132 1
374 2182 1
414 1492 1
416 879 1
438 1742 1
440 3419 1
445 554 1
;

param cap :=
1001 20000 0 0
2001 20000 0 0
3001 20000 0 0
11001 20000 0 0
;

param c[*,*]
: 0 25 58 59 60 62 63 78 147 374 414 416 438 440 445 1001 2001 3001 11001 :=
0 0 142 64 66 65 64 64 72 70 57 52 49 60 61 76 62 75 54 1000 
25 142 0 183 186 184 183 183 191 190 177 172 168 180 181 192 182 195 174 2 
58 64 183 0 3 1 0 0 8 7 6 12 15 3 3 58 2 11 10 185 
59 66 186 3 0 1 3 3 6 4 9 14 17 6 5 60 4 9 12 187 
60 65 184 1 1 0 1 1 7 6 7 13 16 4 4 59 3 10 11 186 
62 64 183 0 3 1 0 0 8 7 6 12 15 3 3 58 2 11 10 185 
63 64 183 0 3 1 0 0 8 7 6 12 15 3 3 58 2 11 10 185 
78 72 191 8 6 7 8 8 0 1 14 20 23 11 11 66 10 3 18 193 
147 70 190 7 4 6 7 7 1 0 13 19 22 10 9 65 37 50 29 179 
374 12 177 6 9 7 6 6 14 13 0 6 9 3 3 52 4 17 4 179 
414 41 172 12 14 13 12 12 20 19 6 0 3 8 9 46 10 23 2 173 
416 47 168 15 17 16 15 15 23 22 9 3 0 12 12 43 13 26 5 170 
438 45 180 3 6 4 3 3 11 10 3 8 12 0 1 54 2 15 6 181 
440 40 181 3 5 4 3 3 11 9 3 9 12 1 0 55 1 14 7 182 
445 40 192 58 60 59 58 58 66 65 52 46 43 54 55 0 56 69 48 194 
1001 62 182 2 4 3 2 2 10 37 4 10 13 2 1 56 0 13 8 183 
2001 75 195 11 9 10 11 11 3 50 17 23 26 15 14 69 13 0 21 196 
3001 54 174 10 12 11 10 10 18 29 4 2 5 6 7 48 8 21 0 175 
11001 1000 2 185 187 186 185 185 193 179 179 173 170 181 182 194 183 196 175 0 
;
