set Nodos:= 0 92 194 223 224 261 313 319 472 74002 75002 76002 77002 78002 79002;

set I:= 92 194 223 224 261 313 319 472 ;

set C:= 74002 75002 76002 77002 78002 79002;

MC:=
1
;

set K:= 1 2 3;

param Q:=
1 30000 1
2 16000 2
3 16000 2
;

MT:=
2
;

param P:=
0
20295
0
;

param qu :=
0 0
92 2961 2
194 2070 2
223 6857 2
224 4466 2
261 622 2
313 1484 2
319 1046 2
472 789 2
;

param cap :=
74002 0 20000 0
75002 0 20000 0
76002 0 20000 0
77002 0 20000 0
78002 0 20000 0
79002 0 20000 0
;

param c[*,*]
: 0 92 194 223 224 261 313 319 472 74002 75002 76002 77002 78002 79002 :=
0 0 60 57 57 57 55 58 63 63 55 56 59 63 69 61 
92 60 0 5 3 3 12 10 3 6 12 6 1 6 103 16 
194 57 5 0 3 3 7 10 8 8 7 1 4 8 100 14 
223 71 3 3 0 0 10 10 6 6 10 4 2 6 100 16 
224 57 3 3 0 0 10 10 5 6 9 3 1 6 100 16 
261 36 12 7 10 10 0 3 15 15 0 6 11 15 98 6 
313 58 10 10 10 10 3 0 12 13 3 9 9 13 101 6 
319 14 3 8 6 5 15 12 0 8 15 9 4 8 106 17 
472 50 6 8 6 6 15 13 8 0 15 9 4 0 106 19 
74002 55 12 7 10 9 0 3 15 15 0 6 11 15 97 7 
75002 56 6 1 4 3 6 9 9 9 6 0 5 9 99 13 
76002 59 1 4 2 1 11 9 4 4 11 5 0 4 102 14 
77002 63 6 8 6 6 15 13 8 0 15 9 4 0 106 19 
78002 69 103 100 100 100 98 101 106 106 97 99 102 106 0 104 
79002 61 16 14 16 16 6 6 17 19 7 13 14 19 104 0 
;
