set Nodos:= 0 5 32 38 85 105 121 156 166 219 235 250 255 256 262 298 317 344 351 365 392 448 458 499 500 501 27001 28001 29001 30001 31001
;

set I:= 5 32 38 85 105 121 156 166 219 235 250 255 256 262 298 317 344 351 365 392 448 458 499 500 501;

set C:= 27001 28001 29001 30001 31001;

MC:=
1
;

set K:= 1 2 3 4 5;

param Q:=
1 30000 1
2 30000 1
3 30000 1
4 16000 2
5 16000 2
;

MT:=
2
;

param P:=
71736
0
0
;

param qu :=
0 0
5 5904 1
32 3857 1
38 5170 1
85 5480 1
105 3821 1
121 2433 1
156 1083 1
166 3228 1
219 2060 1
235 4182 1
250 4816 1
255 3258 1
256 9674 1
262 155 1
298 494 1
317 1537 1
344 1738 1
351 4299 1
365 1115 1
392 706 1
448 1000 1
458 281 1
499 206 1
500 206 1
501 5033 1
;

param cap :=
27001 20000 0 0
28001 20000 0 0
29001 20000 0 0
30001 20000 0 0
31001 20000 0 0
;

param c[*,*]
: 0 5 32 38 85 105 121 156 166 219 235 250 255 256 262 298 317 344 351 365 392 448 458 499 500 501 27001 28001 29001 30001 31001 :=
0 0 30 28 19 22 38 33 54 17 24 53 24 37 44 33 29 25 19 26 18 35 49 29 22 22 22 38 34 31 27 14 
5 30 0 2 24 7 8 2 23 22 5 22 5 7 13 2 1 4 24 4 23 4 19 0 7 7 7 7 3 0 2 19 
32 28 2 0 22 5 10 5 26 20 3 25 3 9 16 5 1 2 21 1 21 7 21 1 5 5 5 9 6 3 0 17 
38 19 24 22 0 17 33 27 48 4 19 47 19 31 38 27 23 20 5 20 5 29 44 24 17 17 17 32 28 25 21 4 
85 22 7 5 17 0 15 10 31 15 1 30 1 14 21 10 6 3 16 3 16 12 26 7 0 0 0 15 11 8 4 12 
105 38 8 10 33 15 0 5 15 31 13 14 13 1 5 5 9 12 32 12 31 3 11 8 15 15 15 0 4 7 11 28 
121 33 2 5 27 10 5 0 20 25 8 19 8 4 10 0 4 7 27 7 26 1 16 3 10 10 10 4 0 2 5 22 
156 54 23 26 48 31 15 20 0 46 29 1 29 16 9 20 25 28 48 28 47 19 5 24 31 31 31 16 20 23 26 43 
166 17 22 20 4 15 31 25 46 0 17 45 17 30 36 25 21 18 1 18 0 27 42 22 15 15 15 30 26 23 20 3 
219 41 5 3 19 1 13 8 29 17 0 28 0 12 19 8 4 1 18 1 17 10 25 5 1 1 1 13 9 6 2 14 
235 20 22 25 47 30 14 19 1 45 28 0 28 15 8 19 24 27 47 27 46 18 4 23 30 30 30 15 19 22 25 42 
250 53 5 3 19 1 13 8 29 17 0 28 0 12 19 8 4 1 18 1 17 10 25 5 1 1 1 13 9 6 2 14 
255 58 7 9 31 14 1 4 16 30 12 15 12 0 6 4 8 11 31 11 30 2 12 7 14 14 14 0 3 6 9 26 
256 37 13 16 38 21 5 10 9 36 19 8 19 6 0 10 15 18 38 18 37 9 5 14 21 21 21 6 10 13 16 33 
262 54 2 5 27 10 5 0 20 25 8 19 8 4 10 0 4 7 27 7 26 1 16 3 10 10 10 4 0 2 5 22 
298 65 1 1 23 6 9 4 25 21 4 24 4 8 15 4 0 3 22 2 22 5 20 0 6 6 6 8 5 2 1 18 
317 13 4 2 20 3 12 7 28 18 1 27 1 11 18 7 3 0 19 0 19 9 23 4 3 3 3 12 8 5 1 15 
344 39 24 21 5 16 32 27 48 1 18 47 18 31 38 27 22 19 0 19 0 28 43 23 16 16 16 31 28 24 21 4 
351 74 4 1 20 3 12 7 28 18 1 27 1 11 18 7 2 0 19 0 19 8 23 3 3 3 3 11 8 5 1 15 
365 52 23 21 5 16 31 26 47 0 17 46 17 30 37 26 22 19 0 19 0 28 42 23 16 16 16 31 27 24 20 3 
392 24 4 7 29 12 3 1 19 27 10 18 10 2 9 1 5 9 28 8 28 0 14 5 12 12 12 2 0 3 7 24 
448 25 19 21 44 26 11 16 5 42 25 4 25 12 5 16 20 23 43 23 42 14 0 19 26 26 26 11 15 18 22 39 
458 47 0 1 24 7 8 3 24 22 5 23 5 7 14 3 0 4 23 3 23 5 19 0 7 7 7 8 4 1 2 19 
499 21 7 5 17 0 15 10 31 15 1 30 1 14 21 10 6 3 16 3 16 12 26 7 0 0 0 15 11 8 4 12 
500 22 7 5 17 0 15 10 31 15 1 30 1 14 21 10 6 3 16 3 16 12 26 7 0 0 0 15 11 8 4 12 
501 22 7 5 17 0 15 10 31 15 1 30 1 14 21 10 6 3 16 3 16 12 26 7 0 0 0 15 11 8 4 12 
27001 38 7 9 32 15 0 4 16 30 13 15 13 0 6 4 8 12 31 11 31 2 11 8 15 15 15 0 3 6 10 27 
28001 34 3 6 28 11 4 0 20 26 9 19 9 3 10 0 5 8 28 8 27 0 15 4 11 11 11 3 0 3 6 23 
29001 31 0 3 25 8 7 2 23 23 6 22 6 6 13 2 2 5 24 5 24 3 18 1 8 8 8 6 3 0 3 20 
30001 27 2 0 21 4 11 5 26 20 2 25 2 9 16 5 1 1 21 1 20 7 22 2 4 4 4 10 6 3 0 17 
31001 14 19 17 4 12 28 22 43 3 14 42 14 26 33 22 18 15 4 15 3 24 39 19 12 12 12 27 23 20 17 0 
;
