set Nodos:= 0 83 102 136 248 273 342 343 436 437 447 465 491 42002 43002 44002 45002 46002 47002 48002 49002;

set I:= 83 102 136 248 273 342 343 436 437 447 465 491;

set C:= 42002 43002 44002 45002 46002 47002 48002 49002;

MC:=
2
;

set K:= 1 2 3;

param Q:=
1 30000 1
2 16000 2
3 16000 2
;

MT:=
2
;

param P:=
0
23602
0
;

param qu :=
0 0
83 1713 2
102 1285 2
136 747 2
248 3445 2
273 481 2
342 789 2
343 881 2
436 2043 2
437 6837 2
447 896 2
465 4191 2
491 294 2
;

param cap :=
42002 0 20000 0
43002 0 20000 0
44002 0 20000 0
45002 0 20000 0
46002 0 20000 0
47002 0 20000 0
48002 0 20000 0
49002 0 20000 0
;

param c[*,*]
: 0 83 102 136 248 273 342 343 436 437 447 465 491 42002 43002 44002 45002 46002 47002 48002 49002 :=
0 0 58 45 39 52 38 38 39 60 45 26 32 42 37 53 37 67 64 62 54 48 
83 58 0 69 63 76 62 62 63 5 21 50 56 66 61 77 61 4 3 4 22 72 
102 45 69 0 18 7 9 9 10 70 55 22 22 3 16 8 8 69 66 64 56 3 
136 39 63 18 0 25 11 11 12 64 49 16 15 15 2 26 10 63 60 58 50 21 
248 62 76 7 25 0 15 15 13 77 62 29 28 9 23 1 15 76 73 71 63 4 
273 54 62 9 11 15 0 0 2 63 48 15 14 6 9 16 1 62 59 57 49 11 
342 26 62 9 11 15 0 0 2 63 48 15 14 6 11 15 2 63 61 59 50 9 
343 38 63 10 12 13 2 2 0 64 50 17 16 8 9 15 1 62 59 57 49 10 
436 31 5 70 64 77 63 63 64 0 23 51 57 67 47 63 47 21 19 17 1 58 
437 60 21 55 49 62 48 48 50 23 0 36 42 53 7 18 2 59 57 55 47 12 
447 44 50 22 16 29 15 15 17 51 36 0 9 20 14 30 14 56 53 51 43 24 
465 32 56 22 15 28 14 14 16 57 42 9 0 19 55 72 55 56 54 52 43 66 
491 32 66 3 15 9 6 6 8 67 53 20 19 0 26 42 26 35 32 31 22 37 
42002 37 61 16 2 23 9 11 9 47 7 14 55 26 0 24 8 69 66 64 56 19 
43002 53 77 8 26 1 16 15 15 63 18 30 72 42 24 0 16 85 83 81 72 5 
44002 37 61 8 10 15 1 2 1 47 2 14 55 26 8 16 0 69 66 64 56 11 
45002 67 4 69 63 76 62 63 62 21 59 56 56 35 69 85 69 0 3 4 22 80 
46002 64 3 66 60 73 59 61 59 19 57 53 54 32 66 83 66 3 0 2 20 77 
47002 62 4 64 58 71 57 59 57 17 55 51 52 31 64 81 64 4 2 0 18 75 
48002 54 22 56 50 63 49 50 49 1 47 43 43 22 56 72 56 22 20 18 0 67 
49002 48 72 3 21 4 11 9 10 58 12 24 66 37 19 5 11 80 77 75 67 0 
;
