set Nodos:= 0 123 146 149 157 159 291 332 335 375 390 421 430 473 27002 28002 29002 30002 31002;

set I:= 123 146 149 157 159 291 332 335 375 390 421 430 473;

set C:= 27002 28002 29002 30002 31002;

MC:=
1
;

set K:= 1 2 3;

param Q:=
1 30000 1
2 16000 2
3 16000 2
;

MT:=
2
;

param P:=
0
9528
0
;

param qu :=
0 0
123 746 2
146 444 2
149 481 2
157 1006 2
159 225 2
291 1780 2
332 908 2
335 356 2
375 1444 2
390 607 2
421 288 2
430 537 2
473 436 2
;

param cap :=
27002 0 20000 0
28002 0 20000 0
29002 0 20000 0
30002 0 20000 0
31002 0 20000 0
;

param c[*,*]
: 0 123 146 149 157 159 291 332 335 375 390 421 430 473 27002 28002 29002 30002 31002 :=
0 0 47 59 59 57 60 28 36 36 28 30 28 35 46 38 34 31 27 14 
123 47 0 12 12 10 13 50 11 10 19 52 18 12 1 9 13 16 19 36 
146 59 12 0 0 1 1 63 23 22 31 64 31 24 13 21 25 28 31 48 
149 59 12 0 0 1 1 63 23 22 31 64 31 24 13 24 28 31 34 51 
157 57 10 1 1 0 2 61 21 21 29 62 29 22 11 24 28 31 34 51 
159 60 13 1 1 2 0 64 24 24 32 65 32 25 14 22 26 29 33 50 
291 57 50 63 63 61 64 0 39 40 31 1 31 38 49 41 37 34 31 14 
332 52 11 23 23 21 24 39 0 0 7 41 7 1 9 1 2 5 8 25 
335 67 10 22 22 21 24 40 0 0 8 41 8 1 9 1 2 5 8 25 
375 57 19 31 31 29 32 31 7 8 0 33 0 6 17 9 5 2 0 17 
390 33 52 64 64 62 65 1 41 41 33 0 33 40 50 42 39 35 32 15 
421 31 18 31 31 29 32 31 7 8 0 33 0 6 17 9 5 2 0 17 
430 50 12 24 24 22 25 38 1 1 6 40 6 0 10 2 0 4 7 24 
473 62 1 13 13 11 14 49 9 9 17 50 17 10 0 8 11 15 18 35 
27002 38 9 21 24 24 22 41 1 1 9 42 9 2 8 0 3 6 10 27 
28002 34 13 25 28 28 26 37 2 2 5 39 5 0 11 3 0 3 6 23 
29002 31 16 28 31 31 29 34 5 5 2 35 2 4 15 6 3 0 3 20 
30002 27 19 31 34 34 33 31 8 8 0 32 0 7 18 10 6 3 0 17 
31002 14 36 48 51 51 50 14 25 25 17 15 17 24 35 27 23 20 17 0 
;
