set Nodos:= 0 66 205 226 240 268 339 401 409 410 483 89002 90002 91002 92002 93002 94002 95002;

set I:= 66 205 226 240 268 339 401 409 410 483;

set C:= 89002 90002 91002 92002 93002 94002 95002;

MC:=
1
;

set K:= 1 2 3;

param Q:=
1 30000 1
2 16000 2
3 16000 2
;

MT:=
2
;

param P:=
0
19800
0
;

param qu :=
0 0
66 5571 2
205 5242 2
226 1860 2
240 596 2
268 881 2
339 1084 2
401 3704 2
409 113 2
410 596 2
483 153 2
;

param cap :=
89002 0 20000 0
90002 0 20000 0
91002 0 20000 0
92002 0 20000 0
93002 0 20000 0
94002 0 20000 0
95002 0 20000 0
;

param c[*,*]
: 0 66 205 226 240 268 339 401 409 410 483 89002 90002 91002 92002 93002 94002 95002 :=
0 0 46 64 58 54 54 62 54 57 58 51 48 49 53 58 63 69 57 
66 46 0 22 17 8 12 20 12 15 16 8 1 5 11 16 21 27 15 
205 64 22 0 6 22 10 3 10 7 6 14 21 17 12 6 1 4 8 
226 22 17 6 0 16 5 3 4 1 1 8 15 11 6 0 5 10 2 
240 55 8 22 16 0 12 19 12 15 16 8 78 80 83 89 94 99 87 
268 18 12 10 5 12 0 8 0 3 4 4 11 7 1 4 9 15 3 
339 64 20 3 3 19 8 0 7 4 4 11 19 14 9 3 2 7 5 
401 63 12 10 4 12 0 7 0 3 4 4 11 7 2 4 9 14 2 
409 56 15 7 1 15 3 4 3 0 1 7 14 10 5 1 6 11 1 
410 57 16 6 1 16 4 4 4 1 0 8 15 11 5 0 5 11 1 
483 37 8 14 8 8 4 11 4 7 8 0 7 3 2 8 13 18 6 
89002 48 1 21 15 78 11 19 11 14 15 7 0 4 10 15 20 26 14 
90002 49 5 17 11 80 7 14 7 10 11 3 4 0 5 11 16 21 9 
91002 53 11 12 6 83 1 9 2 5 5 2 10 5 0 5 11 16 4 
92002 58 16 6 0 89 4 3 4 1 0 8 15 11 5 0 5 10 2 
93002 63 21 1 5 94 9 2 9 6 5 13 20 16 11 5 0 5 7 
94002 69 27 4 10 99 15 7 14 11 11 18 26 21 16 10 5 0 12 
95002 57 15 8 2 87 3 5 2 1 1 6 14 9 4 2 7 12 0 
;
