set Nodos:= 0 108 143 148 152 154 239 277 304 353 427 429 443 459 460 463 469 32002 33002 34002 35002 36002;

set I:= 108 143 148 152 154 239 277 304 353 427 429 443 459 460 463 469 ;

set C:= 32002 33002 34002 35002 36002;

MC:=
1
;

set K:= 1 2 3;

param Q:=
1 30000 1
2 16000 2
3 16000 2
;

MT:=
2
;

param P:=
0
8873
0
;

param qu :=
0 0
108 332 2
143 574 2
148 790 2
152 1091 2
154 249 2
239 345 2
277 103 2
304 194 2
353 1015 2
427 379 2
429 777 2
443 216 2
459 565 2
460 575 2
463 393 2
469 1275 2
;

param cap :=
32002 0 20000 0
33002 0 20000 0
34002 0 20000 0
35002 0 20000 0
36002 0 20000 0
;

param c[*,*]
: 0 108 143 148 152 154 239 277 304 353 427 429 443 459 460 463 469 32002 33002 34002 35002 36002 :=
0 0 51 53 60 60 62 55 46 53 51 55 50 52 51 53 46 48 54 62 51 44 48 
108 51 0 2 14 14 12 3 6 1 0 18 14 1 0 2 6 11 3 12 0 7 12 
143 53 2 0 12 12 10 1 8 1 2 21 16 1 2 0 8 13 27 36 25 17 22 
148 60 14 12 0 0 2 11 20 13 14 31 27 13 15 12 20 24 55 48 52 45 49 
152 60 14 12 0 0 2 11 20 13 14 32 27 13 14 12 20 24 11 2 14 21 25 
154 62 12 10 2 2 0 9 18 11 12 31 26 11 13 10 18 23 10 0 12 20 24 
239 38 3 1 11 11 9 0 9 2 3 22 17 2 4 1 9 14 84 92 82 74 79 
277 40 6 8 20 20 18 9 0 7 6 13 8 7 5 8 0 5 76 84 74 66 71 
304 51 1 1 13 13 11 2 7 0 1 20 15 1 2 1 7 13 83 91 80 73 77 
353 51 0 2 14 14 12 3 6 1 0 18 14 1 0 2 6 11 3 12 0 8 12 
427 59 18 21 31 32 31 22 13 20 18 0 5 19 18 21 13 7 63 72 61 53 58 
429 35 14 16 27 27 26 17 8 15 14 5 0 15 14 16 8 3 17 26 14 6 2 
443 18 1 1 13 13 11 2 7 1 1 19 15 0 1 1 7 12 71 79 68 61 65 
459 30 0 2 15 14 13 4 5 2 0 18 14 1 0 2 5 11 47 47 45 37 42 
460 51 2 0 12 12 10 1 8 1 2 21 16 1 2 0 8 13 3 13 0 7 12 
463 24 6 8 20 20 18 9 0 7 6 13 8 7 5 8 0 5 58 66 56 48 53 
469 46 11 13 24 24 23 14 5 13 11 7 3 12 11 13 5 0 36 44 33 26 30 
32002 54 3 27 55 11 10 84 76 83 3 63 17 71 47 3 58 36 0 10 3 10 15 
33002 62 12 36 48 2 0 92 84 91 12 72 26 79 47 13 66 44 10 0 12 20 24 
34002 51 0 25 52 14 12 82 74 80 0 61 14 68 45 0 56 33 3 12 0 7 12 
35002 44 7 17 45 21 20 74 66 73 8 53 6 61 37 7 48 26 10 20 7 0 5 
36002 48 12 22 49 25 24 79 71 77 12 58 2 65 42 12 53 30 15 24 12 5 0 
;
