set Nodos:= 0 20 35 165 176 177 228 274 379 393 394 398 420 433 455 489 490 12001 13001 14001 15001 16001;

set I:= 20 35 165 176 177 228 274 379 393 394 398 420 433 455 489 490 ;

set C:= 12001 13001 14001 15001 16001;

MC:=
2
;

set K:= 1 2 3 4 5 6;

param Q:=
1 30000 1
2 30000 1
3 30000 1
4 30000 1
5 16000 2
6 16000 2
;

MT:=
2
;

param P:=
91475
0
0
;

param qu :=
0 0
20 19932 1
35 941 1
165 4603 1
176 258 1
177 2201 1
228 956 1
274 3362 1
379 686 1
393 17116 1
394 19243 1
398 1532 1
420 288 1
433 5237 1
455 2360 1
489 7962 1
490 4798 1
;

param cap :=
12001 20000 0 0
13001 20000 0 0
14001 20000 0 0
15001 20000 0 0
16001 20000 0 0
;

param c[*,*]
: 0 20 35 165 176 177 228 274 379 393 394 398 420 433 455 489 490 12001 13001 14001 15001 16001 :=
0 0 42 32 38 50 50 41 40 32 48 41 32 31 39 47 32 32 37 33 42 46 31 
20 42 0 12 5 8 8 5 2 14 6 1 14 15 3 5 15 15 5 13 0 4 11 
35 32 12 0 8 20 20 17 10 8 18 11 2 3 9 17 7 7 7 1 12 16 1 
165 38 5 8 0 14 14 11 3 16 11 4 9 10 2 10 15 15 1 9 5 9 7 
176 50 8 20 14 0 0 11 11 20 3 10 22 23 11 5 21 21 13 21 8 4 19 
177 50 8 20 14 0 0 11 11 20 3 10 22 23 11 5 21 21 13 21 8 4 19 
228 34 5 17 11 11 11 0 8 9 9 6 15 14 8 7 10 10 49 45 54 58 43 
274 38 2 10 3 11 11 8 0 16 8 1 11 12 1 7 17 17 3 11 2 6 9 
379 53 14 8 16 20 20 9 16 0 17 15 7 6 17 16 1 1 15 7 14 16 9 
393 35 6 18 11 3 3 9 8 17 0 7 19 20 9 2 18 18 11 19 6 2 17 
394 48 1 11 4 10 10 6 1 15 7 0 12 13 2 6 16 16 4 12 1 5 10 
398 70 14 2 9 22 22 15 11 7 19 12 0 1 11 18 6 6 9 1 13 18 3 
420 88 15 3 10 23 23 14 12 6 20 13 1 0 12 19 5 5 10 2 15 19 4 
433 36 3 9 2 11 11 8 1 17 9 2 11 12 0 8 16 16 2 10 3 7 8 
455 51 5 17 10 5 5 7 7 16 2 6 18 19 8 0 17 17 10 18 5 1 16 
489 50 15 7 15 21 21 10 17 1 18 16 6 5 16 17 0 0 14 6 15 16 9 
490 32 15 7 15 21 21 10 17 1 18 16 6 5 16 17 0 0 14 6 15 16 9 
12001 37 5 7 1 13 13 49 3 15 11 4 9 10 2 10 14 14 0 8 5 9 6 
13001 33 13 1 9 21 21 45 11 7 19 12 1 2 10 18 6 6 8 0 13 17 2 
14001 42 0 12 5 8 8 54 2 14 6 1 13 15 3 5 15 15 5 13 0 4 11 
15001 46 4 16 9 4 4 58 6 16 2 5 18 19 7 1 16 16 9 17 4 0 15 
16001 31 11 1 7 19 19 43 9 9 17 10 3 4 8 16 9 9 6 2 11 15 0 
;
