set Nodos:= 0 231 270 481 96002 97002 98002 99002 100002;

set I:=  231 270 481 ;

set C:= 96002 97002 98002 99002 100002;

MC:=
1
;

set K:= 1 2 3;

param Q:=
1 30000 1
2 16000 2
3 16000 2
;

MT:=
2
;

param P:=
0
785
0
;

param qu :=
0 0
231 299 2
270 325 2
481 161 2
;

param cap :=
96002 0 20000 0
97002 0 20000 0
98002 0 20000 0
99002 0 20000 0
100002 0 20000 0
;

param c[*,*]
: 0 231 270 481 96002 97002 98002 99002 100002 :=
0 0 53 56 53 58 53 59 61 72 
231 62 0 2 11 4 10 6 8 18 
270 36 2 0 13 1 13 3 5 16 
481 41 11 13 0 15 1 16 19 29 
96002 58 4 1 15 0 14 2 4 14 
97002 53 10 13 1 14 0 16 18 28 
98002 59 6 3 16 2 16 0 6 16 
99002 61 8 5 19 4 18 6 0 11 
100002 72 18 16 29 14 28 16 11 0 
;
